233
211
203
49
214
189
55
33
102
87
42
113
2
229
41
51
194
129
81
184
161
52
71
67
15
218
7
199
139
108
104
60
71
231
75
154
86
114
198
70
38
233
110
228
160
39
162
61
208
61
84
95
23
127
51
122
122
165
30
51
3
83
20
82
7
68
128
31
121
219
146
167
149
161
206
55
105
172
63
189
181
90
10
209
29
84
152
140
110
160
105
115
124
1
18
126
56
151
87
91
216
92
154
41
149
232
156
160
14
76
210
151
16
102
17
55
193
157
132
108
39
25
38
76
98
178
82
203
213
16
68
156
17
136
222
178
198
224
184
34
48
221
129
7
19
37
5
192
231
178
208
91
173
155
59
153
162
88
192
165
206
38
199
113
57
129
64
227
185
211
72
162
89
2
3
128
34
195
68
91
107
101
99
18
46
87
143
200
93
204
49
197
190
178
95
186
147
170
91
148
217
119
228
219
13
74
232
16
90
220
41
11
188
188
185
122
84
160
6
142
83
169
30
86
82
28
31
218
73
207
213
3
130
218
128
180
111
225
232
232
188
108
189
75
127
81
120
49
231
81
25
9
69
187
23
202
210
214
43
134
48
60
50
159
199
154
124
98
191
120
120
2
79
167
66
17
12
222
1
206
153
130
80
138
182
65
114
38
191
17
131
179
39
92
165
153
191
111
94
132
21
193
193
42
163
97
114
126
140
191
122
173
214
194
47
33
72
177
119
132
74
15
9
220
198
43
132
61
102
158
112
68
45
48
29
228
132
144
48
87
70
142
63
68
22
20
201
198
53
51
75
163
101
137
97
211
191
222
215
61
109
189
233
215
222
65
102
46
102
181
30
131
38
61
46
120
92
138
114
85
176
217
212
135
36
183
59
209
128
83
165
182
138
203
230
68
7
20
176
11
170
156
178
111
13
49
70
156
3
15
19
143
226
157
34
135
78
44
13
94
71
115
175
60
90
51
96
120
210
5
193
34
166
123
137
200
169
28
60
106
202
109
128
226
202
113
174
110
148
150
41
102
72
176
184
132
64
135
25
42
9
202
85
96
112
210
189
193
199
38
178
204
199
68
141
29
70
200
81
97
159
105
197
52
143
218
99
219
126
3
178
27
164
166
218
35
29
183
156
206
200
189
90
83
156
62
221
51
231
144
107
211
206
44
39
123
46
61
23
6
83
12
219
156
8
39
216
22
111
101
45
216
38
217
104
169
226
138
14
154
114
224
104
198
141
217
24
92
195
55
35
168
174
129
18
113
23
17
163
80
87
125
67
47
10
187
63
35
50
176
78
72
75
115
125
113
8
229
123
48
52
201
186
114
161
160
119
129
185
164
95
72
90
53
167
73
139
222
2
33
189
169
3
98
187
31
202
112
60
36
36
203
217
82
25
227
224
10
109
72
207
170
31
189
14
218
44
57
193
102
162
157
215
188
56
127
42
62
105
194
54
133
145
109
94
100
24
77
50
155
1
125
12
29
178
27
184
96
57
98
144
146
42
230
170
137
14
153
123
134
28
215
182
162
85
149
216
34
127
3
16
205
6
90
196
87
32
169
199
217
61
136
169
54
63
181
44
34
65
18
194
41
144
130
151
113
176
59
176
214
56
220
201
90
101
90
139
35
219
145
90
3
137
185
179
92
154
18
33
205
171
137
220
108
140
190
84
26
4
162
213
132
158
65
220
76
193
96
160
162
170
30
97
148
78
138
57
140
184
77
85
138
12
60
122
81
126
59
95
71
67
145
77
64
92
147
107
31
204
190
55
108
215
232
192
28
136
209
130
160
36
77
112
105
163
126
62
232
192
178
31
227
112
15
190
134
158
11
112
159
0
41
64
84
196
48
88
25
55
207
220
220
226
62
216
0
15
62
137
229
158
137
163
131
122
119
25
97
184
200
226
49
109
133
167
166
153
71
172
172
15
46
119
221
88
143
25
34
112
149
190
72
57
87
43
187
23
173
169
21
188
177
146
67
130
87
77
20
105
8
88
93
187
198
74
159
105
89
50
37
232
80
56
61
107
36
141
196
193
214
34
59
151
217
52
208
69
95
181
128
29
160
181
219
212
57
42
131
9
187
92
167
153
55
211
142
66
67
176
46
50
151
157
2
45
178
59
93
146
178
147
118
115
177
26
123
198
11
209
66
0
124
150
192
88
167
181
93
87
131
82
163
125
205
107
180
44
49
44
120
92
11
61
169
57
58
133
180
213
109
14
230
205
162
190
224
205
122
165
16
99
19
217
155
23
202
151
73
31
99
61
75
64
26
219
79
215
114
43
141
59
228
42
39
68
154
144
203
192
160
104
120
208
100
5
160
2
74
23
191
133
17
163
85
206
63
208
207
0
28
189
72
215
93
155
157
135
54
161
171
160
168
136
209
28
100
213
177
38
71
157
202
186
22
125
97
150
31
22
58
177
68
59
146
195
16
178
180
19
135
120
14
210
103
136
188
100
86
187
78
123
65
10
95
10
213
165
179
201
180
101
168
86
104
28
138
187
130
130
9
203
59
109
181
156
20
181
52
202
210
184
18
169
9
181
159
95
41
0
224
171
141
178
215
209
86
225
162
100
198
25
112
3
39
183
42
42
60
93
110
108
7
191
44
103
168
75
90
197
8
21
2
90
83
171
205
64
66
36
165
75
85
58
118
103
140
127
227
102
213
125
59
24
31
170
36
24
228
230
139
46
231
126
55
166
47
191
4
76
181
225
197
200
190
173
185
207
66
177
20
66
83
46
157
111
233
58
197
22
160
227
172
32
211
171
91
130
160
111
17
169
183
127
152
83
87
55
114
232
48
68
5
126
81
40
39
60
174
208
122
155
44
82
145
77
225
3
130
143
171
231
54
1
149
211
26
231
107
47
15
78
184
201
130
186
229
52
132
219
208
44
200
198
30
3
96
39
184
135
52
107
133
108
224
149
15
228
127
174
8
7
97
65
205
32
199
138
168
221
28
198
77
103
180
163
138
198
153
2
89
96
57
126
213
5
51
209
21
103
140
144
65
2
188
28
135
122
91
64
89
189
92
63
80
200
174
2
6
118
67
25
27
104
198
38
173
121
58
232
51
10
83
83
204
54
177
233
113
100
38
34
51
28
78
69
127
117
103
130
59
121
144
121
160
121
143
132
112
174
165
227
59
57
71
142
172
164
82
215
122
22
99
81
195
39
72
220
223
79
15
219
95
91
73
44
55
73
117
184
210
86
140
183
92
101
55
216
80
67
214
186
219
153
188
196
31
233
226
20
229
48
20
134
27
101
101
0
50
76
213
184
43
210
76
42
53
213
77
183
85
179
51
108
103
3
100
131
116
141
113
102
84
191
96
211
64
176
94
154
116
6
123
85
190
181
161
212
165
189
43
91
224
177
77
112
23
29
145
54
152
189
55
157
59
175
65
32
44
126
12
166
81
171
113
64
178
58
184
115
40
26
167
230
145
182
184
106
64
156
42
112
156
83
15
53
43
106
69
78
129
144
119
152
74
125
56
11
61
125
47
86
59
185
59
131
51
36
100
163
184
62
77
209
14
199
54
110
233
61
126
119
105
205
87
191
92
126
153
38
225
140
179
198
27
126
114
14
1
44
115
137
190
98
133
177
143
179
70
171
1
84
75
119
66
231
135
103
231
161
218
204
209
95
192
22
41
1
120
55
148
3
145
52
209
114
186
97
130
91
55
10
194
202
104
17
211
115
88
136
194
177
164
107
123
168
220
44
58
179
176
191
9
141
185
141
224
169
73
223
117
11
79
99
110
164
232
182
108
210
114
53
221
93
217
225
132
43
47
19
134
33
2
67
147
197
87
156
70
44
190
95
99
169
80
172
81
162
120
31
130
98
226
40
209
53
221
76
39
82
229
129
158
114
119
25
45
112
19
47
140
213
71
144
152
107
83
176
46
145
206
116
13
81
52
44
122
136
114
89
217
147
13
64
128
203
191
129
176
40
13
195
203
181
42
98
207
29
179
24
38
228
82
7
83
158
12
189
15
198
154
187
161
74
133
191
119
72
203
181
215
89
191
20
127
111
59
88
56
83
116
52
181
65
133
220
23
86
156
131
29
25
217
50
178
126
17
154
63
177
231
196
118
120
39
96
105
141
160
14
46
189
165
124
213
189
120
33
78
62
140
171
153
117
39
4
181
78
94
5
201
223
198
147
178
196
93
230
174
166
5
192
130
218
2
68
195
185
135
123
124
0
178
129
10
213
137
125
186
149
208
34
182
121
128
229
84
102
27
13
219
29
39
215
137
29
79
127
49
73
119
182
111
46
115
22
8
35
183
4
54
53
32
18
197
0
124
129
55
74
66
141
226
24
100
119
196
119
10
83
10
82
108
120
86
64
109
84
170
207
173
106
188
168
49
168
63
186
130
199
182
96
70
124
41
169
96
142
70
68
185
130
161
162
216
57
183
129
170
41
136
150
185
202
165
165
111
214
140
31
212
77
174
96
210
150
42
231
53
13
73
80
172
219
219
24
183
72
147
45
160
54
116
209
161
11
112
135
163
84
185
45
26
65
64
228
45
133
7
175
51
149
134
136
74
13
217
17
69
215
47
70
42
29
157
204
117
170
8
149
13
138
48
0
28
193
206
136
150
195
41
184
54
233
49
169
81
110
40
33
28
40
62
183
79
78
170
196
175
102
148
229
12
5
125
98
54
20
89
150
44
190
90
155
96
154
152
75
8
116
131
145
50
24
187
112
178
51
152
186
56
142
212
161
146
224
189
52
38
211
9
92
1
198
199
210
72
227
178
205
2
104
91
159
227
118
59
12
86
213
182
150
51
143
217
159
229
143
127
11
223
21
125
226
172
9
23
203
186
53
186
168
39
86
56
106
44
34
115
26
111
141
208
54
72
151
19
171
185
10
123
112
27
76
191
81
80
99
17
173
45
129
63
28
213
62
35
199
223
150
153
14
172
45
6
49
98
180
31
111
24
45
229
193
92
34
57
110
59
209
12
163
36
220
52
30
204
12
123
167
188
97
74
53
45
123
172
24
227
211
67
111
68
189
106
91
0
230
143
0
30
66
163
159
161
66
225
161
52
105
29
178
139
199
94
192
72
76
203
94
151
212
13
29
23
148
224
74
129
25
2
151
37
34
17
138
68
85
47
169
78
24
16
136
140
46
59
206
201
40
145
88
132
115
67
165
174
48
176
147
217
160
222
199
190
25
140
33
157
187
9
217
32
101
211
142
103
132
124
75
10
127
142
36
50
41
76
92
171
224
132
49
112
187
77
1
213
112
19
220
6
31
220
201
174
212
109
47
30
208
70
7
103
182
196
200
98
102
188
49
214
38
114
200
208
72
85
92
179
145
154
114
204
158
177
8
192
165
22
118
14
3
229
149
214
21
158
83
92
144
181
17
133
17
223
31
66
9
153
35
224
148
210
37
31
180
165
183
58
223
87
161
227
173
95
172
184
126
190
112
187
214
140
174
90
162
190
158
0
148
64
46
109
125
169
40
30
121
83
76
108
156
75
151
232
148
187
179
183
30
95
205
124
79
27
216
87
228
51
180
219
159
127
121
160
59
105
150
115
215
166
174
18
170
81
51
157
36
151
6
208
160
211
37
1
215
93
28
216
165
186
176
66
128
51
184
76
133
158
123
57
204
29
8
54
196
52
33
189
162
220
165
136
213
39
159
216
106
17
173
183
139
116
168
137
128
104
160
127
25
121
178
190
31
60
12
88
151
17
219
175
103
225
216
157
97
102
177
87
140
227
16
34
48
147
177
190
198
160
154
185
103
92
2
7
77
56
110
75
153
99
28
21
129
91
131
71
154
69
140
200
229
91
59
116
227
208
164
58
114
198
35
217
215
13
213
230
230
122
226
73
46
27
5
190
228
83
98
7
224
187
53
46
10
6
84
177
31
88
73
136
84
42
80
54
196
162
229
56
120
231
212
209
133
116
186
76
130
44
62
192
123
51
130
146
10
194
67
43
225
118
65
222
77
63
97
72
82
202
126
179
22
188
176
22
196
30
130
87
8
181
134
220
110
84
100
174
61
72
186
102
109
37
22
173
231
36
88
40
111
112
203
178
222
134
146
43
13
16
62
24
232
70
199
22
173
66
108
129
173
31
133
126
132
119
31
183
208
40
15
28
27
199
8
223
10
66
158
207
12
165
175
231
224
68
97
72
46
118
56
89
105
132
36
207
32
27
163
64
113
26
64
220
16
142
7
82
67
68
206
66
132
182
165
222
63
162
99
6
129
204
46
218
39
14
217
55
185
219
218
182
14
23
138
180
225
199
173
81
97
61
9
203
60
108
166
61
29
199
217
18
91
140
139
88
137
124
36
177
22
76
201
61
177
134
128
14
79
230
217
184
13
80
218
105
140
58
58
112
159
92
212
134
35
71
150
27
80
67
14
219
123
232
77
5
145
113
118
160
131
180
27
188
175
222
24
54
220
7
145
160
203
106
43
34
43
224
96
6
194
232
152
167
88
226
32
171
138
3
166
210
227
93
207
218
205
221
9
185
128
13
7
53
133
96
96
150
169
227
175
79
94
151
193
81
183
175
214
121
109
195
80
72
161
104
126
20
164
135
32
30
123
233
131
200
118
19
38
109
197
4
119
155
60
153
85
111
201
28
57
184
200
214
81
213
166
184
77
133
80
98
129
131
213
208
52
163
60
156
201
45
124
56
92
221
102
189
214
29
119
70
97
89
81
151
143
17
224
176
95
5
190
100
93
184
124
5
181
71
78
173
210
225
132
23
206
137
217
54
17
157
127
209
178
108
87
183
218
123
51
1
163
114
0
220
157
210
41
67
226
124
20
49
86
30
169
112
107
55
127
125
37
221
153
186
100
143
44
101
205
90
40
131
21
96
166
164
45
83
95
169
79
140
182
95
95
130
134
140
83
15
224
123
127
14
89
93
95
178
229
25
229
32
63
209
77
117
113
185
166
230
174
204
91
47
97
6
224
95
131
22
192
123
173
133
75
118
48
84
147
69
180
154
144
165
230
173
4
1
217
158
182
232
134
155
101
70
23
27
178
50
9
203
204
108
94
60
135
54
85
182
188
191
117
90
9
58
130
78
157
103
80
44
210
233
32
75
166
73
138
21
133
210
51
88
102
19
47
149
45
119
16
24
146
109
223
195
85
96
28
38
141
159
14
136
101
221
122
124
48
219
151
183
220
189
44
64
71
10
79
38
213
221
97
36
137
155
180
18
144
55
176
40
16
18
48
95
137
28
178
53
229
87
209
93
70
140
220
173
42
60
220
130
109
136
64
28
30
50
130
106
154
0
72
157
46
51
173
148
103
72
164
207
187
25
185
112
229
73
59
48
131
25
217
224
91
187
116
145
106
78
150
169
62
119
138
77
233
50
137
149
228
132
23
45
98
229
158
223
35
88
217
126
219
81
22
229
1
101
169
131
166
133
94
233
9
206
57
38
59
99
116
23
10
77
140
80
84
73
197
35
201
149
108
232
134
232
35
104
163
126
131
71
228
203
224
179
116
129
181
149
178
154
28
34
79
103
153
197
29
159
77
175
28
52
82
35
142
140
167
161
126
169
103
119
18
137
87
225
230
104
152
114
30
19
226
52
124
33
148
133
15
34
25
186
161
167
223
4
37
232
46
73
153
196
141
71
197
85
125
176
185
179
15
224
197
57
97
46
5
233
191
184
70
9
20
177
66
10
114
218
30
90
211
94
201
37
70
28
204
68
61
192
11
41
44
126
61
8
165
55
42
223
69
35
233
32
0
101
104
116
2
152
65
87
18
75
4
80
133
181
163
200
49
31
169
142
24
37
137
174
2
233
53
89
20
151
19
134
89
1
140
179
117
61
76
230
175
204
170
101
85
114
165
190
223
19
168
107
151
30
230
7
68
98
57
217
8
167
85
199
185
7
30
204
189
65
190
117
207
54
132
184
102
191
47
88
196
96
190
111
145
30
101
231
112
193
52
179
214
14
135
205
121
102
41
68
149
117
38
162
74
208
219
43
116
167
65
34
56
65
138
174
161
36
180
220
80
220
7
66
79
197
65
200
193
133
185
195
133
54
162
151
172
173
22
177
25
130
232
9
60
25
125
184
83
165
169
176
108
202
85
80
181
145
222
116
193
25
227
143
15
5
127
194
170
30
51
18
172
227
49
88
218
189
25
107
8
117
221
121
93
25
187
32
146
47
215
165
109
19
110
56
116
209
180
24
168
149
80
4
146
13
170
201
60
155
111
3
0
183
219
195
124
101
197
65
27
218
89
218
149
216
6
140
6
44
67
162
4
83
93
199
2
69
38
127
225
60
196
11
91
6
232
140
27
30
191
167
82
96
94
221
10
121
33
10
183
149
218
40
205
152
26
51
210
118
4
200
165
139
32
127
62
45
90
19
60
172
229
186
89
146
224
193
67
222
78
50
168
86
86
133
79
80
47
38
57
207
176
162
18
11
67
210
109
135
53
228
0
56
81
40
8
7
211
29
197
206
206
40
163
188
32
51
79
126
41
14
209
1
136
35
108
95
2
196
198
201
119
67
51
233
233
233
12
78
211
159
26
44
228
92
83
209
151
192
169
183
99
162
106
184
151
209
32
171
233
116
0
12
24
104
159
167
162
170
22
166
132
183
68
43
165
142
92
188
58
112
43
226
62
45
131
151
0
184
75
130
156
76
113
138
168
61
4
115
51
33
148
160
72
18
110
132
219
6
40
48
13
163
68
98
202
21
138
45
116
38
231
178
109
55
159
70
2
195
177
185
27
118
4
19
125
119
152
92
134
50
18
230
32
66
110
185
44
67
211
123
217
177
26
134
147
95
203
70
91
179
62
103
212
85
120
59
89
118
158
20
61
12
80
139
106
117
18
11
57
17
148
34
225
149
107
154
54
129
46
42
68
219
185
159
206
168
53
179
217
198
63
115
135
220
9
167
182
225
72
158
173
13
194
195
18
49
172
223
85
131
166
195
219
144
114
19
72
199
37
162
44
145
11
183
229
109
23
111
182
135
56
89
84
69
116
189
157
71
93
206
197
198
73
134
103
128
81
152
67
124
48
83
223
81
113
121
175
161
90
79
229
183
185
86
155
39
80
150
8
31
221
39
100
38
173
11
178
157
65
166
170
189
21
135
220
214
225
153
21
24
153
46
208
53
189
33
1
110
30
61
65
53
148
212
177
147
162
72
187
109
13
219
126
36
95
109
169
128
159
105
9
110
94
62
165
11
0
144
168
72
92
14
111
141
152
162
85
155
154
188
59
158
68
115
103
92
166
132
179
219
174
148
139
223
41
35
161
163
211
18
213
58
129
155
102
116
2
71
138
52
19
79
170
120
114
185
231
169
74
171
89
9
28
59
127
35
70
197
197
20
232
45
161
33
220
47
5
151
155
10
161
124
40
8
181
116
11
160
167
180
118
61
190
59
165
178
133
216
220
159
23
83
131
228
211
73
165
29
191
32
83
120
181
33
36
105
164
116
54
103
206
104
84
180
26
85
44
222
59
151
52
95
66
46
205
189
85
82
220
58
82
88
178
164
204
28
2
126
182
195
33
139
186
31
214
61
55
102
47
231
7
228
26
31
7
114
217
121
173
74
121
173
7
41
114
233
207
191
146
125
20
46
194
32
110
113
12
41
5
9
44
116
46
223
106
86
212
151
167
57
122
149
75
56
21
183
203
40
127
218
195
40
148
139
44
88
223
153
107
55
44
6
134
85
225
2
219
220
77
91
11
108
35
2
232
153
167
174
62
70
106
145
61
112
67
106
219
24
15
13
182
140
68
157
116
207
93
215
41
16
151
188
153
39
209
144
24
76
213
228
182
220
30
82
92
204
178
130
176
80
124
128
117
173
187
140
26
189
98
222
144
95
221
88
9
137
226
1
20
226
135
193
117
216
224
3
167
31
163
12
29
139
215
74
14
141
7
183
98
42
198
127
139
208
82
226
167
93
75
14
58
142
110
229
75
113
37
190
96
101
131
118
98
166
171
224
141
106
48
153
54
93
96
164
76
216
178
176
225
145
213
5
173
183
45
115
14
72
217
95
169
85
163
187
214
204
73
98
75
205
99
222
72
70
149
173
211
47
229
85
4
150
124
136
148
56
80
197
85
82
55
181
140
184
89
61
183
168
204
16
38
217
143
188
50
14
225
69
69
204
153
186
221
63
182
175
214
55
64
192
183
230
222
62
226
11
165
120
231
36
116
130
10
3
143
169
106
55
171
96
86
82
90
93
151
151
62
207
79
68
60
153
162
221
191
148
142
177
162
144
99
139
41
13
156
196
21
135
97
186
28
124
182
134
126
204
230
69
85
194
135
100
106
201
110
100
112
233
42
4
33
225
200
163
174
221
159
139
165
150
66
3
42
117
34
172
109
71
160
34
91
159
54
215
199
99
51
201
101
197
52
59
191
81
212
141
226
31
129
181
204
122
34
141
204
101
217
102
77
46
62
103
101
222
163
116
82
151
226
25
16
6
20
42
85
226
31
177
89
174
160
59
215
61
5
147
231
220
103
160
38
96
43
209
136
134
67
52
175
58
161
114
143
188
23
21
51
82
207
228
118
96
71
80
9
55
184
123
61
212
226
200
205
32
194
109
172
185
47
136
147
59
32
131
56
180
89
95
181
86
96
123
152
31
128
150
78
37
21
16
55
152
127
145
81
4
71
147
156
65
121
75
139
38
228
92
208
227
230
32
66
80
199
230
9
41
93
40
183
47
140
112
74
206
28
25
37
3
168
20
11
10
28
174
227
172
184
69
112
167
183
126
189
213
59
68
188
64
168
75
37
206
184
68
200
138
139
195
209
107
13
15
99
116
192
82
9
47
226
2
185
175
131
69
88
34
114
189
204
116
58
202
50
11
5
112
9
59
142
151
231
20
26
21
43
98
77
23
228
29
176
166
89
57
232
112
196
103
68
64
27
81
144
220
127
229
109
75
218
150
190
177
172
0
131
1
144
214
50
86
179
102
93
209
190
145
136
99
216
142
69
171
58
148
76
18
124
67
74
128
116
232
144
184
73
158
6
37
206
118
199
196
69
118
213
95
99
183
170
7
52
174
14
163
214
129
178
31
129
233
107
36
118
188
102
173
177
228
211
40
230
37
140
134
85
226
46
120
113
224
164
90
67
114
214
1
117
168
28
91
197
106
191
146
155
232
94
216
5
17
130
10
208
17
147
1
139
214
14
187
33
182
162
23
104
152
35
200
93
15
135
113
98
112
18
182
121
216
146
27
207
151
39
60
83
223
231
4
125
177
38
75
87
56
156
19
215
141
215
203
197
220
23
106
66
36
208
181
130
51
29
99
3
149
194
124
12
178
151
178
130
94
9
97
9
153
141
131
200
223
40
226
210
11
128
145
63
2
163
35
17
227
151
72
226
81
105
13
111
218
81
197
213
221
27
200
219
197
46
70
44
174
207
120
127
118
159
197
14
217
204
209
61
141
0
145
43
139
205
80
19
62
191
44
182
8
160
172
153
199
37
65
196
98
166
59
152
168
21
45
54
31
146
77
44
208
161
151
218
97
191
70
24
196
139
37
30
125
210
141
173
50
228
222
121
177
89
56
214
125
78
50
55
75
22
12
179
11
60
215
102
69
199
44
175
51
22
104
214
202
188
66
125
189
19
24
191
212
87
227
222
46
170
179
109
95
47
57
195
143
232
112
163
26
87
166
13
73
161
26
198
146
84
9
73
193
177
221
63
95
12
65
52
70
128
33
14
200
200
60
18
120
24
159
154
10
176
203
204
83
122
142
146
217
70
111
39
216
23
217
48
49
159
89
15
173
206
232
33
92
182
214
12
5
167
57
22
172
44
11
13
8
145
183
165
51
79
151
29
15
43
15
202
124
99
203
167
207
178
67
146
36
130
99
52
210
175
66
169
26
173
20
53
81
232
196
132
71
228
212
17
148
211
140
84
21
57
164
67
110
8
101
81
146
159
78
208
26
20
61
24
137
77
17
214
165
82
73
86
95
153
225
185
85
5
53
156
210
21
60
169
124
107
59
17
166
117
133
58
31
92
11
146
205
197
133
123
200
111
42
86
8
156
223
190
88
44
229
161
97
159
44
200
134
150
188
73
156
54
107
90
172
71
201
130
8
218
113
85
229
195
191
118
49
42
103
177
33
228
72
32
83
157
154
101
92
17
147
125
32
229
167
41
36
65
82
38
129
42
22
142
136
217
195
158
48
43
51
210
136
167
231
145
219
133
15
14
56
28
149
31
19
178
82
120
209
150
115
92
72
15
16
57
129
7
85
157
174
157
138
125
203
172
37
148
153
169
76
48
158
15
14
52
219
95
195
3
216
135
145
61
124
201
91
44
46
76
204
38
197
100
33
194
154
33
97
124
116
109
138
42
152
233
137
228
101
153
226
74
115
49
107
122
181
187
123
58
25
208
33
144
232
15
209
174
226
3
152
129
152
204
124
53
124
218
47
63
159
24
216
185
70
122
38
193
8
217
47
18
84
155
100
111
1
39
43
35
17
52
33
191
205
227
3
109
0
168
57
225
50
49
69
188
102
76
42
183
155
47
150
52
73
96
59
223
10
26
192
185
186
126
149
74
31
156
108
200
30
22
138
175
220
80
231
127
69
76
88
183
100
114
67
13
174
197
141
58
169
64
209
83
62
146
23
207
206
159
133
53
94
165
61
60
15
175
69
14
165
32
223
25
81
95
27
209
191
111
184
78
228
169
218
68
207
230
232
67
206
157
101
73
155
5
207
216
53
121
230
63
186
44
140
0
232
146
84
209
19
192
117
29
19
130
180
232
139
15
24
30
77
38
117
168
29
104
63
5
111
156
7
2
38
199
54
97
28
113
164
18
92
28
205
88
182
159
153
170
141
33
134
208
169
118
146
209
77
47
162
197
41
228
215
3
174
75
52
86
7
95
40
80
2
142
69
174
28
206
51
146
126
74
3
225
233
2
1
43
72
100
192
99
10
50
106
182
186
170
73
140
66
118
32
116
145
68
142
178
133
192
121
149
92
145
66
122
111
186
65
198
76
17
150
171
61
0
192
177
5
223
139
185
199
216
103
41
51
29
11
184
215
13
196
164
124
232
166
173
170
194
93
229
27
8
135
129
70
186
130
77
115
218
137
118
23
133
48
217
54
223
35
33
94
0
232
119
164
51
228
134
209
5
161
111
176
20
78
156
11
227
148
137
151
70
24
46
178
64
224
41
90
90
212
207
120
220
9
183
2
209
21
212
78
41
206
64
171
192
28
141
190
168
77
160
57
153
97
23
212
182
142
48
206
5
139
29
67
14
130
215
220
134
115
109
193
207
21
13
201
166
100
198
35
49
80
122
109
123
29
106
10
135
109
34
48
64
225
170
223
92
91
90
86
158
227
200
133
153
171
93
88
40
27
166
25
84
180
211
214
39
43
61
8
39
30
8
62
117
9
94
66
190
177
82
128
112
167
134
24
203
157
192
193
102
117
97
15
7
232
118
108
205
230
105
13
204
147
188
82
196
84
204
73
46
68
7
13
15
57
225
69
200
26
152
40
143
43
6
183
226
202
220
104
155
54
201
175
197
103
49
16
78
157
144
118
32
2
80
213
135
122
64
108
148
165
20
187
163
40
118
88
183
127
155
128
128
14
30
13
56
67
224
112
224
45
9
148
48
75
56
115
184
185
146
56
75
87
61
80
130
207
161
78
226
150
218
181
79
226
188
81
219
76
127
232
114
124
92
220
184
207
97
124
140
179
2
173
178
105
20
224
221
11
60
143
199
0
220
149
184
181
79
87
182
31
91
70
152
143
201
224
56
213
126
30
127
111
66
71
165
151
117
17
107
203
200
93
152
3
185
198
99
171
7
39
113
129
178
153
222
178
95
156
162
196
26
185
57
75
36
166
184
26
30
120
152
184
203
82
115
83
92
160
178
95
6
67
137
213
195
119
195
156
231
87
45
131
111
91
10
26
61
49
128
65
155
114
196
171
154
108
81
14
138
139
21
204
88
118
129
188
151
175
150
111
73
174
144
80
214
38
59
9
28
56
74
229
114
143
62
233
98
30
17
136
15
140
159
98
10
24
176
81
18
166
113
129
12
203
198
192
128
161
233
146
10
184
102
101
3
187
20
30
59
24
103
168
88
219
137
186
183
154
74
208
231
0
122
184
168
51
107
222
93
0
67
193
67
24
232
52
96
102
70
55
24
121
225
157
222
77
181
26
78
38
79
52
217
155
139
89
164
134
5
27
69
113
19
203
229
202
229
91
191
48
168
161
189
204
46
233
27
186
29
197
37
217
181
114
124
18
129
196
67
34
1
14
3
187
34
117
22
29
67
40
44
45
31
49
15
13
108
149
11
185
69
199
174
173
103
61
31
2
24
47
141
121
151
225
52
34
16
173
106
56
172
82
89
199
44
224
105
80
1
211
201
22
208
91
86
152
6
94
17
145
176
174
161
141
23
63
87
232
103
227
207
14
212
5
26
9
71
111
101
76
211
109
108
211
85
10
52
35
34
49
116
96
226
42
96
176
108
198
197
43
150
2
217
164
72
147
223
219
214
141
80
8
45
89
151
179
20
183
77
20
49
75
90
79
4
141
128
145
137
1
216
226
225
14
16
170
83
1
95
41
55
150
83
198
152
32
31
150
63
3
146
160
131
184
164
142
29
99
175
74
78
68
166
225
118
152
172
13
68
98
183
157
91
57
142
123
18
110
114
183
228
100
219
125
85
1
55
205
77
120
119
62
73
178
48
34
83
165
22
229
64
92
84
177
84
93
5
49
1
148
26
208
40
41
206
156
170
174
146
52
134
15
64
68
26
176
81
214
87
110
65
28
58
227
44
35
14
111
97
86
233
42
90
4
169
156
16
85
136
50
94
227
153
156
60
142
23
10
189
1
87
162
70
126
41
102
69
231
46
66
129
220
79
1
105
139
75
199
208
92
177
204
3
218
58
48
145
174
145
174
57
129
229
87
233
163
190
121
104
154
97
221
216
31
68
106
91
97
129
213
154
189
229
151
157
64
220
21
95
152
189
77
40
224
163
218
30
67
168
73
94
6
43
223
17
137
228
40
39
158
212
105
121
34
180
198
133
109
33
230
116
154
165
171
222
46
229
45
58
134
113
71
181
66
212
51
70
80
79
68
126
212
164
103
129
54
135
21
186
105
37
222
144
115
55
31
198
104
20
71
216
4
107
80
10
9
181
4
177
174
53
41
56
18
27
69
161
69
185
101
42
116
45
110
111
41
38
52
233
77
32
188
112
130
215
139
114
57
224
230
139
134
89
158
190
103
76
160
168
210
122
64
124
50
67
85
129
39
50
227
87
205
51
153
31
112
231
163
101
58
103
24
181
218
105
229
170
167
49
179
72
19
214
94
121
151
84
186
55
63
213
167
209
89
40
27
12
108
163
141
204
172
20
179
19
88
201
151
65
223
156
8
0
33
212
216
161
55
60
94
198
166
148
65
64
155
182
196
37
124
208
157
196
185
148
182
54
166
230
144
150
125
87
60
63
190
64
105
101
155
145
33
105
12
165
168
32
185
175
217
87
30
86
140
39
212
166
66
191
68
12
42
215
75
221
183
78
55
182
189
8
38
4
60
32
53
62
127
11
67
121
176
91
230
178
116
134
209
184
172
68
154
36
4
1
107
193
33
103
196
215
82
146
46
209
124
177
134
92
156
72
231
137
34
195
72
134
193
155
230
66
23
0
204
68
49
181
127
85
76
138
116
45
157
71
156
134
232
19
183
233
72
52
27
37
53
44
141
36
94
211
169
100
129
24
73
72
53
201
100
177
175
174
97
224
188
222
210
45
33
179
209
204
32
211
82
99
142
191
188
195
112
149
18
77
187
176
163
217
192
207
110
35
12
166
48
77
52
78
116
203
178
75
81
155
13
78
150
89
46
228
45
163
147
17
101
231
198
192
50
179
45
55
84
101
104
28
203
101
143
26
114
109
16
36
1
216
122
102
86
220
52
182
103
177
197
80
98
62
19
49
74
69
214
54
23
110
75
125
175
50
49
195
66
195
149
121
10
12
60
212
61
211
105
43
138
219
99
91
45
207
61
140
217
203
218
24
39
231
140
92
123
106
119
217
151
155
108
130
9
87
94
102
99
204
200
14
12
227
35
20
44
119
115
132
63
167
134
207
80
128
116
225
80
217
94
146
167
115
187
72
217
8
102
110
92
95
208
40
141
118
16
29
54
154
82
132
8
220
109
129
188
155
144
117
149
32
40
31
5
172
87
154
3
23
49
98
2
212
75
21
92
2
150
22
121
144
163
222
34
128
170
199
31
153
225
221
78
131
121
115
114
171
68
82
3
102
5
122
119
152
88
78
233
215
167
121
158
162
185
208
7
85
172
125
50
163
200
77
134
122
98
128
78
154
231
21
226
210
113
220
118
188
128
57
69
117
131
156
152
228
66
113
106
34
84
35
82
214
12
88
1
52
69
37
59
135
61
76
90
29
135
147
233
80
182
21
143
197
164
199
177
116
41
166
125
106
180
31
65
62
147
176
134
169
227
213
55
92
86
109
3
153
155
114
77
52
89
223
129
2
33
24
167
24
205
87
181
182
119
190
0
139
28
24
157
228
121
94
166
224
199
190
15
207
125
58
66
42
230
197
49
192
43
97
143
121
33
39
9
116
125
85
221
141
91
171
3
197
120
1
95
213
152
106
36
37
66
137
219
210
152
138
225
23
146
149
217
90
22
165
146
200
36
201
224
208
140
5
153
218
207
5
119
193
32
116
38
139
98
229
194
203
195
229
149
99
111
117
106
53
65
99
37
212
7
50
39
214
98
31
25
210
201
140
124
39
1
173
103
60
197
183
183
118
72
136
81
87
66
132
104
80
125
152
144
152
61
66
36
1
188
27
54
35
35
184
83
41
62
233
157
16
171
66
17
23
49
210
161
68
185
78
100
11
46
147
100
225
62
170
200
88
34
198
58
6
173
112
68
16
110
214
228
182
185
135
58
184
26
64
120
98
75
36
106
101
199
92
68
127
198
33
135
36
32
43
176
173
12
109
217
216
83
6
165
26
224
162
91
144
224
230
42
225
87
54
176
120
128
211
90
232
44
226
224
59
211
183
162
74
209
98
80
159
42
158
174
142
153
119
185
115
10
28
65
199
231
155
26
24
157
9
41
196
206
109
20
129
215
48
109
178
87
196
218
16
117
40
67
151
133
180
60
35
226
157
203
3
112
100
141
2
221
101
133
94
199
202
91
177
13
200
172
203
11
39
101
203
71
150
206
125
206
27
200
59
202
110
88
51
126
93
149
189
127
174
196
214
96
57
155
97
128
3
162
77
182
161
2
131
202
32
115
96
20
2
21
79
23
74
140
19
73
55
29
1
229
81
139
106
48
130
16
13
3
213
170
163
213
123
33
146
205
109
95
87
6
205
195
192
123
176
163
30
54
136
52
0
31
150
196
9
86
125
48
222
95
136
174
117
21
172
195
86
119
115
73
75
230
220
68
228
59
82
47
173
30
215
116
5
66
183
230
120
61
229
219
84
15
211
219
229
74
58
60
224
25
192
81
4
127
81
32
219
192
86
3
32
60
131
229
40
22
215
173
147
172
85
147
81
186
167
219
82
229
188
20
102
130
226
202
36
174
23
82
164
53
29
99
123
47
170
219
109
114
221
60
222
3
38
223
218
162
165
165
170
218
25
85
177
13
74
178
67
224
11
62
57
163
168
25
200
211
121
32
180
223
159
17
222
137
170
211
205
40
91
129
10
61
157
117
171
33
37
47
187
212
2
156
66
213
25
21
13
176
225
144
192
46
212
10
7
101
42
231
215
35
47
64
18
115
215
49
0
196
146
175
1
167
118
146
120
222
41
191
202
99
186
205
58
92
27
95
91
194
150
227
154
202
102
221
130
141
24
163
47
91
173
86
12
208
32
154
99
50
153
3
223
232
202
162
130
8
194
192
35
119
5
233
138
206
71
232
19
189
90
104
166
135
90
84
230
73
54
142
93
116
39
217
182
2
152
77
22
3
84
70
65
117
34
163
0
44
197
84
11
186
195
86
191
101
78
91
173
55
16
170
183
230
46
6
173
56
166
86
22
135
218
44
145
59
171
215
28
49
219
43
197
132
76
168
178
90
56
140
20
69
178
154
154
45
16
50
28
215
84
173
171
93
132
66
210
136
67
8
6
144
93
26
139
132
156
48
130
75
144
89
171
100
75
93
24
15
20
202
10
156
196
186
219
119
62
163
178
153
70
168
165
121
225
25
105
128
120
185
40
99
203
128
46
21
141
57
5
202
65
130
122
95
41
63
150
57
203
223
153
18
15
220
0
101
28
121
68
157
97
205
82
54
58
77
198
227
94
233
27
72
169
85
104
125
97
42
125
88
12
212
222
170
181
53
147
36
65
21
226
104
171
61
200
181
211
64
9
49
67
180
28
100
55
163
128
170
95
16
57
23
100
190
200
218
116
79
28
0
188
210
43
190
178
21
52
64
195
73
217
83
193
4
122
154
124
87
119
17
194
167
76
204
98
77
111
99
41
110
5
126
191
97
112
16
167
202
195
122
225
186
131
44
84
147
171
172
62
115
187
16
65
76
14
139
88
114
189
50
145
37
146
173
93
124
85
190
131
114
6
131
7
100
192
2
33
202
6
210
220
150
200
136
64
124
186
131
110
133
168
176
120
75
30
233
104
98
30
19
58
54
3
200
174
50
123
109
66
71
124
153
199
164
203
178
21
61
128
90
203
103
209
196
105
72
154
5
188
171
228
70
133
175
192
48
121
158
79
124
200
229
76
226
63
224
2
54
8
199
90
17
104
39
226
166
191
173
42
209
21
97
216
68
33
16
91
195
194
137
189
134
150
50
62
14
73
28
77
231
33
0
36
7
9
71
97
197
230
170
118
36
210
191
2
29
116
142
125
74
221
29
78
75
114
181
36
160
231
50
153
71
94
190
135
3
97
161
139
62
28
155
84
140
144
156
2
91
25
17
210
139
223
212
49
223
225
182
141
192
22
144
172
227
156
178
70
42
19
135
168
56
72
76
73
120
136
17
152
226
48
160
20
1
209
198
149
217
136
163
42
216
105
28
67
11
148
150
189
1
127
151
217
104
107
229
200
121
224
115
110
36
230
213
124
64
164
69
142
33
162
98
70
181
138
221
170
0
217
164
110
101
30
207
40
225
92
24
75
120
178
190
215
132
104
158
118
97
21
212
18
194
145
44
40
127
19
126
123
159
5
118
133
162
3
149
73
52
195
147
216
220
227
52
78
74
114
59
53
221
172
177
187
142
107
137
3
185
49
211
209
71
60
0
37
103
62
164
13
6
75
213
177
123
80
74
217
171
219
62
173
156
31
71
114
119
41
146
196
104
58
67
226
103
199
130
68
162
214
42
8
138
65
134
185
74
131
26
170
143
100
185
222
180
165
87
154
201
166
163
118
183
74
74
182
23
207
200
190
187
171
151
173
102
5
165
192
201
47
220
172
26
123
36
161
200
169
33
169
110
172
121
194
113
87
20
44
138
83
0
108
137
108
203
118
131
186
167
142
226
161
122
175
181
137
39
156
194
65
41
231
93
228
40
110
136
74
231
225
158
20
96
207
29
152
52
127
48
144
96
164
208
63
224
115
119
213
232
86
17
108
107
138
39
205
50
218
117
205
191
178
92
190
233
129
233
175
58
3
20
96
2
139
62
44
164
113
136
163
26
71
66
25
59
147
161
187
110
140
6
149
172
14
52
33
211
186
11
28
231
194
62
9
232
149
7
101
154
50
150
218
105
175
114
2
74
228
33
11
43
187
88
23
65
68
3
130
173
221
130
223
200
212
41
47
77
2
134
230
5
227
176
136
69
203
48
183
150
97
50
168
233
145
13
154
86
155
0
78
110
24
36
77
129
214
148
94
83
191
145
136
91
232
66
82
56
181
51
1
177
159
205
192
199
34
232
114
56
82
185
179
100
43
202
49
61
117
201
29
157
10
70
221
170
83
9
221
80
74
170
233
98
51
117
55
43
59
120
179
148
78
68
214
73
36
17
105
101
31
81
151
95
113
8
140
94
228
34
213
7
88
78
26
195
123
197
168
159
169
54
105
126
129
212
182
46
168
130
162
1
34
17
53
219
206
173
0
35
159
38
149
7
139
233
97
139
197
7
208
103
46
53
88
94
165
69
45
135
118
106
133
47
188
82
200
21
192
152
97
9
42
226
95
111
126
232
226
149
82
132
58
5
50
211
76
222
100
142
203
61
230
60
124
148
47
197
124
11
174
78
12
134
7
203
92
223
153
16
151
59
30
68
37
61
40
19
207
100
65
60
91
114
126
209
208
81
76
143
5
87
9
183
213
138
170
116
137
71
62
68
53
42
11
118
217
89
80
216
123
71
145
34
64
187
110
135
196
172
0
33
18
221
208
87
223
77
125
215
226
191
111
29
85
106
213
180
148
5
198
227
162
129
166
103
199
46
183
229
124
120
221
42
48
32
82
201
231
94
165
119
64
39
101
82
134
120
89
37
69
33
184
31
117
95
164
178
73
233
135
23
197
195
197
226
202
138
104
71
160
173
59
13
38
81
9
52
50
52
6
232
179
36
1
173
39
129
135
14
178
202
160
87
147
51
24
6
86
80
1
48
130
162
38
168
42
171
17
72
137
170
48
7
204
182
70
98
145
6
58
166
48
232
193
118
145
122
15
74
216
191
160
105
13
7
58
1
179
35
53
128
195
154
65
94
35
23
73
59
175
64
101
90
108
173
155
153
88
0
10
38
140
205
35
50
113
196
51
201
32
168
25
59
230
202
93
140
39
157
132
153
69
10
194
47
65
226
160
82
86
73
15
45
68
152
190
43
4
137
150
119
119
216
22
35
202
174
135
117
62
66
107
92
194
110
214
146
49
214
48
107
212
105
30
122
200
165
6
58
166
30
232
153
207
176
123
74
82
230
181
88
171
61
71
155
203
33
13
114
177
39
126
63
46
180
25
133
227
233
1
203
106
166
126
78
42
95
128
43
3
145
169
186
151
35
47
5
185
227
128
10
58
149
188